ARSON	025, 017, 005, 002, 008, 009, 007, 019, 010, 012, 006, 020, 004, 014, 015, 003, 011, 016, 024, false, 018, 022, 001, true, 031
ASSAULT	019, 017, 008, 025, 007, 003, 004, 014, false, 010, 024, 002, 012, 001, 018, 011, 016, 005, 009, 006, 015, 022, true, 020, 031
BATTERY	005, 015, 012, 004, 003, false, 007, 011, 014, 020, 002, 018, 009, 016, 008, 025, 019, 001, 017, 010, 022, 006, 024, true, 031, 021
BURGLARY	006, 009, 003, 001, 008, 002, 012, 011, 017, 015, 025, 007, 024, 004, 005, 018, 014, 019, 016, 022, 020, 010, false, 031
CONCEALED CARRY LICENSE VIOLATION	024, 008, 010, 011, 007, 001, 025, 015, 006, 009, 016, 004, 017, 018, 005, 003, 012, 022, 020, 019
CRIM SEXUAL ASSAULT	004, 017, 007, 012, 011, 008, 015, 010, 014, 020, 003, 025, 001, 009, 019, false, 018, 002, 005, 022, 006, 016, 024, true
CRIMINAL DAMAGE	002, 004, 022, 003, 007, 012, 016, 008, 006, false, 014, 024, 025, 011, 015, 019, 018, 009, 001, 005, 017, 020, 010, 031, true
CRIMINAL TRESPASS	020, 002, 012, 006, 019, 001, 017, 024, 015, 016, 008, 005, 025, 018, 011, 003, 010, false, 022, 014, 007, 009, 004, true, 031
DECEPTIVE PRACTICE	012, 016, 018, 002, 020, 007, 022, 001, 2533, 003, 024, 008, 009, 017, 010, 014, 006, 019, 005, 004, 015, 025, 011, 1932, 0813, 0815, 2322, false, 1651, 1621, 1824, 0922, 0923, 1933, 0911, 0111, 2511, 2524, 0113, 0132, 0122, 1332, 1913, 2313, 2123, 0323, 1312, 0324, 2011, 1731, 2521, 0614, 1811, 0112, 1732, 2512, 0421, 0423, 0913, 0814, 0924, 2113, 1834, 0332, 0131, 1434, 2311, 1722, 0414, 0134, 0811, 1022, 0914, 0934, 2013, 1212, 1222, 2332, 2211, 1223, 2523, 0413, 1433, 1034, 0611, 1611, 0133, 0921, 0832, 0632, 2122, 1131, 0533, 1123, 1323, 0835, 0624, 1624, 0821, 0124, 1654, 2424, 0522, 0834, 0235, 1423, 1915, 1411, 0121, 2432, 1614, 1432, 0422, 0212, 0933, 1121, 1832, 1213, 1135, 0723, 0715, 2024, 1831, 2422, 0812, 0621, 1912, 0711, 0531, 1233, 1833, 0223, 0123, 0114, 1421, 0823, 1934, 1031, 2411, 2323, 2522, 1822, 1122, 0524, 1923, 0434, 2032, 1231, 1622, 0932, 0322, 2532, 0411, 0334, 0311, 2531, 2433, 1024, 2031, 0833, 0822, 0613, 0733, 0233, 1612, 1723, 0222, 1023, 2023, 1733, 1014, 1724, 1911, 2222, 2221, 1113, 1221, 1633, 2515, 1632, 0523, 0925, 0511, 0712, 0622, 2534, 0825, 1613, 0313, 2514, 1631, 1013, 1422, 0432, 2233, 1712, 1511, 2525, 1225, 0412, 0331, 1413, 0634, true, 2223, 2132, 1523, 1424, 1533, 2412, 0623, 1513, 1821, 2312, 2232, 2423, 2033, 1032, 1813, 0931, 1232, 0735, 1214, 1235, 0314, 2431, 1531, 1414, 0612, 1333, 0321, 1313, 1814, 0333, 2012, 0211, 0935, 1653, 0512, 1512, 2212, 1711, 2331, 1522, 2022, 1133, 0714, 0824, 0231, 1922, 2333, 1634, 0424, 0724, 0214, 2413, 1623, 0234, 1431, 1021, 1524, 1324, 1322, 0732, 1921, 0513, 1211, 2535, 0731, 0915, 1132, 0431, 0532, 1924, 1134, 1931, 0213, 2131
DOMESTIC VIOLENCE	004
GAMBLING	015, 006, 010, 005, 025, 011, 002, 022, 019, 001, 007, 008, 012, 017, 003, 009, 020, 004, 024, 016, false, 014, 018
HOMICIDE	006, 002, 007, 012, 017, 011, 015, 019, 004, 003, 005, 010, 024, 008, 025, 022, 009, 014, 016, 001, 018, 020
HUMAN TRAFFICKING	011, 019, 003, 004, 015, 001, 007, 012, 002, 006, false, 022, 005, 009, 018
INTERFERENCE WITH PUBLIC OFFICER	006, 003, 004, 007, 019, 022, 011, 005, 009, 002, 010, 001, 015, 025, 014, 018, 020, 008, 012, 017, false, 016, 024, true
INTIMIDATION	010, 017, 009, 007, 006, 003, false, 001, 005, 012, 024, 008, 025, 019, 002, 004, 015, 014, 022, 011, 016, 020, 018, true
KIDNAPPING	011, 020, 017, 025, 018, 007, 005, 004, 009, 022, 010, 008, 006, 014, 012, 019, 002, 003, false, 016, 015, 024, 001, true, 031
LIQUOR LAW VIOLATION	014, 020, 018, 002, 015, 004, 024, 016, 007, 008, 006, 011, 025, 022, 001, 017, 009, 012, 010, 019, 003, false, 005
MOTOR VEHICLE THEFT	008, 011, 016, 012, 019, 025, 002, 024, 022, false, 020, 007, 004, 009, 005, 003, 010, 006, 014, 017, 018,  BUILDING", 015, 001, true,  GROUNDS", 031
NARCOTICS	012, 011, 015, 010, 003, 024, 002, 022, 017, 007, 019, 025, 018, 008, 016, 004, false, 009, 005, 006, 020, 001, 014, 031, true, 021
NON - CRIMINAL	012, 011, 003, 009, 010, 008, 016, 005, 004, 015, 018, 001, 014, 002
NON-CRIMINAL	018, 016, 019, 001, 008, 020, 006, 025, 010, 024, 005, 011, 009, 014, 002, 017, 003, 012, 004, 015
NON-CRIMINAL (SUBJECT SPECIFIED)	005, 011, 009, 020, 002
OBSCENITY	false, 016, 008, 006, 010, 018, 004, 024, 001, 025, 009, 022, 019, 007, 020, 002, 003, 012, 014, 005, 015, 011, 017
OFFENSE INVOLVING CHILDREN	025, 014, 003, 022, 004, 006, 005, 011, 015, 007, 009, 018, 002, 008, 016, 019, 010, false, 017, 012, 024, 020, true, 001
OTHER NARCOTIC VIOLATION	014, 017, false, 018, 016, 019, 001, 010, 025, 011, 006, 008, 015, 012, 020, 004, 024, 003, 009
OTHER OFFENSE	006, 024, 005, 025, 014, 015, 022, 008, 007, 020, 016, 019, 009, 010, false, 002, 011, 001, 003, 018, 012, 017, 004, true, 031, 013
PROSTITUTION	004, 014, 012, 018, 019, 025, 003, 009, 006, 024, 002, 007, 008, 001, 011, 017, 022, 005, 015, 020, 010, 016, false
PUBLIC INDECENCY	001, 006, 003, 018, 019, 004, 011, 014, 020, false, 022, 024, 002, 015, 008, 016, 009, 025, 012, 007, 005, 017, 010
PUBLIC PEACE VIOLATION	false, 004, 014, 011, 006, 007, 015, 010, 019, 001, 025, 016, 018, 009, 005, 024, 022, 003, 012, 002, 008, 017, 020, true
Primary Type	District
RITUALISM	false, 004, 011, 018, 025, 003, 006, 005, 007, 002, 019, 015, 014
ROBBERY	016, 004, 014, 005, 012, 010, 007, 025, 017, 002, 018, 006, 008, 024, 015, 011, 003, 019, 009, 020, 022, false, 001, true, 031
SEX OFFENSE	003, 024, 022, 010, 007, 025, 014, 001, 008, 011, 004, 012, false, 015, 018, 019, 002, 006, 016, 017, 009, 020, 005, true, 031
STALKING	006, 012, 005, 008, 016, 020, 010, 004, 022, 024, 003, 019, 017, 002, 001, 014, 009, 015, 007, 025, 018, true, 011, false
THEFT	019, 014, 008, 024, 004, 005, 007, 016, 022, 018, false, 002, 012, 020, 010, 011, 009, 003, 017, 015, 025, 001, 006, true, 023, 031, 021
WEAPONS VIOLATION	003, 014, false, 005, 001, 025, 009, 022, 010, 004, 012, 015, 017, 008, 007, 006, 019, 011, 002, 024, 018, 016, 020, true
